1 0.139207 0.193361 0.032799 0.053741
1 0.216629 0.226027 0.035088 0.051633
1 0.276125 0.314015 0.027460 0.050580
2 0.678871 0.077977 0.032037 0.044257
2 0.583143 0.158588 0.040427 0.043203
2 0.550725 0.224974 0.030511 0.055848
3 0.713577 0.213909 0.038902 0.059009
3 0.627002 0.267123 0.038139 0.043203
3 0.571320 0.390938 0.027460 0.042150
4 0.885965 0.289779 0.034325 0.056902
4 0.784897 0.349315 0.033562 0.036881
4 0.734935 0.431507 0.043478 0.028451
5 0.835622 0.542150 0.022121 0.043203
6 0.804348 0.620126 0.025172 0.038988
7 0.403127 0.889884 0.023646 0.045311
8 0.751716 0.765016 0.020595 0.035827
